0.776 7.950
3.584 9.848
9.615 11.677
4.442 14.923
12.494 19.041
15.674 21.421
16.698 23.352
20.323 27.323
21.759 28.297
27.790 28.790
37.408 44.324
39.430 46.123
41.938 50.565
47.483 56.565
53.114 63.100
56.689 64.560
57.912 65.216
61.630 65.621
58.906 66.671
57.647 69.222
68.769 73.738
69.397 75.375
69.521 79.983
67.710 80.379
76.006 81.809
78.956 83.072
87.024 94.570
90.071 95.985
90.129 97.090
92.949 97.329
87.799 97.701
96.456 98.514
102.242 108.455
99.676 108.880
103.558 110.191
107.785 110.756
108.845 111.033
109.438 112.067
110.548 113.532
116.076 122.722
122.253 123.706
124.988 132.988
124.408 133.087
129.677 133.896
134.189 140.470
135.744 143.700
137.385 146.630
142.270 147.041
141.295 147.332
144.808 148.676
135.757 150.070
151.492 162.519
158.062 164.760
158.601 165.250
160.127 167.763
162.197 167.809
160.958 168.911
167.836 169.215
167.690 170.746
162.734 171.007
169.568 171.347
169.407 172.887
180.073 187.788
181.158 188.010
183.682 188.846
184.297 190.273
184.059 190.558
188.657 191.915
190.271 192.638
191.830 193.998
194.023 195.838
